[gd_scene load_steps=19 format=3 uid="uid://b52o17mbnw2yi"]

[ext_resource type="Script" path="res://player.gd" id="1_ijx8p"]
[ext_resource type="Texture2D" uid="uid://deokx61ktw5wl" path="res://textures/close-up-mixture-clay-powder.jpg" id="1_m1fng"]
[ext_resource type="Script" path="res://menu.gd" id="2_dvg7n"]
[ext_resource type="PackedScene" uid="uid://dmr0fcamx7t56" path="res://joystick/virtual_joystick.tscn" id="2_lt43g"]
[ext_resource type="Texture2D" uid="uid://b578d6rnfrtmn" path="res://textures/rust-metal-with-rough-appearance.jpg" id="2_qxbcs"]
[ext_resource type="Script" path="res://flagmesh.gd" id="4_rwqa8"]

[sub_resource type="ProceduralSkyMaterial" id="ProceduralSkyMaterial_faluw"]
sky_horizon_color = Color(0.64625, 0.65575, 0.67075, 1)
ground_horizon_color = Color(0.64625, 0.65575, 0.67075, 1)

[sub_resource type="Sky" id="Sky_eh2kc"]
sky_material = SubResource("ProceduralSkyMaterial_faluw")

[sub_resource type="Environment" id="Environment_luwil"]
background_mode = 2
sky = SubResource("Sky_eh2kc")
tonemap_mode = 2
glow_enabled = true

[sub_resource type="StandardMaterial3D" id="StandardMaterial3D_oejqb"]
albedo_texture = ExtResource("1_m1fng")
uv1_triplanar = true
uv1_world_triplanar = true

[sub_resource type="StandardMaterial3D" id="StandardMaterial3D_0n580"]
albedo_color = Color(0.12549, 0.301961, 0.121569, 1)
albedo_texture = ExtResource("2_qxbcs")
uv1_triplanar = true

[sub_resource type="CapsuleShape3D" id="CapsuleShape3D_24ldo"]

[sub_resource type="CapsuleMesh" id="CapsuleMesh_fo43g"]

[sub_resource type="SphereShape3D" id="SphereShape3D_xe7i6"]

[sub_resource type="CanvasItemMaterial" id="CanvasItemMaterial_ruwpl"]

[sub_resource type="ORMMaterial3D" id="ORMMaterial3D_fsosv"]

[sub_resource type="CylinderMesh" id="CylinderMesh_xxult"]
material = SubResource("ORMMaterial3D_fsosv")

[sub_resource type="CylinderShape3D" id="CylinderShape3D_1rgff"]

[node name="world" type="Node3D"]
transform = Transform3D(1, 0, 0, 0, 1, 0, 0, 0, 1, -0.0502772, -0.0345714, -0.0269239)

[node name="map" type="Node3D" parent="."]

[node name="WorldEnvironment" type="WorldEnvironment" parent="map"]
environment = SubResource("Environment_luwil")

[node name="DirectionalLight3D" type="DirectionalLight3D" parent="map"]
transform = Transform3D(-0.270863, -0.726942, 0.631022, 0.95388, -0.114565, 0.277468, -0.12941, 0.677075, 0.724446, -26.3091, 14.5087, 6.1038)
shadow_enabled = true

[node name="ground" type="CSGBox3D" parent="map"]
transform = Transform3D(1, 0, 0, 0, 1, 0, 0, 0, 1, 0, 1.38053, 0)
material_override = SubResource("StandardMaterial3D_oejqb")
use_collision = true
size = Vector3(100, 1, 100)

[node name="tower" type="CSGCombiner3D" parent="map"]
use_collision = true

[node name="pillars" type="CSGBox3D" parent="map/tower"]
transform = Transform3D(1, 0, 0, 0, 1, 0, 0, 0, 1, 15.0503, 11.0346, 14.0269)
size = Vector3(1, 18, 1)

[node name="pillars2" type="CSGBox3D" parent="map/tower"]
transform = Transform3D(1, 0, 0, 0, 1, 0, 0, 0, 1, 23.0503, 11.0346, 14.0269)
size = Vector3(1, 18, 1)

[node name="pillars3" type="CSGBox3D" parent="map/tower"]
transform = Transform3D(1, 0, 0, 0, 1, 0, 0, 0, 1, 23.0503, 11.0346, 6.02692)
size = Vector3(1, 18, 1)

[node name="pillars5" type="CSGBox3D" parent="map/tower"]
transform = Transform3D(1, 0, 0, 0, 1, 0, 0, 0, 1, 23.0503, 11.0346, 6.02692)
size = Vector3(1, 18, 1)

[node name="plate" type="CSGBox3D" parent="map/tower"]
transform = Transform3D(1, 0, 0, 0, 1, 0, 0, 0, 1, 18.7841, 19.5914, 10)
size = Vector3(10, 1, 10)

[node name="plate2" type="CSGBox3D" parent="map/tower"]
transform = Transform3D(1, 0, 0, 0, 1, 0, 0, 0, 1, 18.7841, 10.5914, 10)
size = Vector3(10, 1, 10)

[node name="stairs" type="CSGCombiner3D" parent="map"]
use_collision = true

[node name="CSGBox3D2" type="CSGBox3D" parent="map/stairs"]
transform = Transform3D(-1, 0, -8.74228e-08, 0, 1, 0, 8.74228e-08, 0, -1, -14, 4, 17.3333)
use_collision = true
size = Vector3(8, 4, 12)

[node name="CSGBox3D3" type="CSGBox3D" parent="map/stairs"]
transform = Transform3D(-1, 6.18172e-08, -6.18172e-08, 0, 0.707107, 0.707107, 8.74228e-08, 0.707107, -0.707107, -14, 3, 23.3333)
use_collision = true
size = Vector3(6, 4, 4)

[node name="CSGBox3D4" type="CSGBox3D" parent="map/stairs"]
transform = Transform3D(-1, 5.2108e-15, -8.74228e-08, 0, 1, 5.96046e-08, 8.74228e-08, 5.96046e-08, -1, -14, 1, 25.3333)
use_collision = true
size = Vector3(6, 4, 4)

[node name="stairs_2" type="CSGCombiner3D" parent="map"]
use_collision = true

[node name="CSGBox3D5" type="CSGBox3D" parent="map/stairs_2"]
transform = Transform3D(1, 0, 1.74846e-07, 0, 1, 0, -1.74846e-07, 0, 1, -14, 4, -26)
use_collision = true
size = Vector3(8, 4, 8)

[node name="CSGBox3D6" type="CSGBox3D" parent="map/stairs_2"]
transform = Transform3D(1, -1.23634e-07, 1.23634e-07, 3.55271e-15, 0.707107, 0.707107, -1.74846e-07, -0.707107, 0.707107, -14, 3, -30)
use_collision = true
size = Vector3(6, 4, 4)

[node name="CSGBox3D7" type="CSGBox3D" parent="map/stairs_2"]
transform = Transform3D(1, -1.04216e-14, 1.74846e-07, 0, 1, 5.96046e-08, -1.74846e-07, -5.96046e-08, 1, -14, 1, -32)
use_collision = true
size = Vector3(6, 4, 4)

[node name="stairs_3" type="CSGCombiner3D" parent="map"]
transform = Transform3D(1, 0, 0, 0, 1, 0, 0, 0, 1, 43, 0, 38)
use_collision = true

[node name="CSGBox3D5" type="CSGBox3D" parent="map/stairs_3"]
transform = Transform3D(1, 0, 1.74846e-07, 0, 1, 0, -1.74846e-07, 0, 1, -20, 6, -19)
use_collision = true
size = Vector3(16, 8, 8)

[node name="CSGBox3D6" type="CSGBox3D" parent="map/stairs_3"]
transform = Transform3D(1, -1.23634e-07, 1.23634e-07, 3.55271e-15, 0.707107, 0.707107, -1.74846e-07, -0.707107, 0.707107, -14, 3, -30)
use_collision = true
size = Vector3(6, 4, 10)

[node name="CSGBox3D8" type="CSGBox3D" parent="map/stairs_3"]
transform = Transform3D(0.506236, 0.487907, 0.711106, 0.183013, 0.74501, -0.641456, -0.842752, 0.45487, 0.287857, -37, 16, -25)
use_collision = true
size = Vector3(14, 2, 4)

[node name="CSGBox3D9" type="CSGBox3D" parent="map/stairs_3"]
transform = Transform3D(-0.0215681, 0.562837, 0.826286, 0.0225595, 0.826542, -0.562422, -0.999513, 0.00650997, -0.0305243, -37, 13, -14)
use_collision = true
size = Vector3(2, 16, 6)

[node name="CSGBox3D7" type="CSGBox3D" parent="map/stairs_3"]
transform = Transform3D(1, -1.04216e-14, 1.74846e-07, 0, 1, 5.96046e-08, -1.74846e-07, -5.96046e-08, 1, -14, 1, -32)
use_collision = true
size = Vector3(6, 4, 4)

[node name="pillars4" type="CSGBox3D" parent="map/stairs_3"]
transform = Transform3D(1, 0, 0, 0, 1, 0, 0, 0, 1, -12.9497, 2.03457, -25.9731)
size = Vector3(1, 6, 1)

[node name="stimpad" type="CSGCylinder3D" parent="map"]
transform = Transform3D(1, 0, 0, 0, 1, 0, 0, 0, 1, -14, 4, 14)
material_override = SubResource("StandardMaterial3D_0n580")
use_collision = true
radius = 3.0
height = 6.0

[node name="player" type="CharacterBody3D" parent="."]
transform = Transform3D(1, 0, 0, 0, 1, 0, 0, 0, 1, 0, 2.24219, 44.7093)
script = ExtResource("1_ijx8p")

[node name="GUI" type="CanvasGroup" parent="player"]

[node name="move" parent="player/GUI" instance=ExtResource("2_lt43g")]
offset_left = 28.0
offset_top = 310.0
offset_right = 373.0
offset_bottom = 582.0
action_left = "left"
action_right = "right"
action_up = "forward"
action_down = "backward"

[node name="StandingCollisionShape3D" type="CollisionShape3D" parent="player"]
transform = Transform3D(0.995377, 0, 0, 0, 0.995377, 0, 0, 0, 0.995377, 0, 1.30765, 0)
shape = SubResource("CapsuleShape3D_24ldo")

[node name="MeshInstance3D" type="MeshInstance3D" parent="player/StandingCollisionShape3D"]
mesh = SubResource("CapsuleMesh_fo43g")

[node name="ShapeCast3D" type="ShapeCast3D" parent="player"]
transform = Transform3D(1, 0, 0, 0, 1, 0, 0, 0, 1, 0, 1.95072, 0)
shape = SubResource("SphereShape3D_xe7i6")

[node name="MainCamera" type="Camera3D" parent="player/ShapeCast3D"]
transform = Transform3D(1, 0, 0, 0, 0.999986, 0.00530578, 0, -0.00530578, 0.999986, 0, 0, 0)

[node name="menu" type="Button" parent="."]
material = SubResource("CanvasItemMaterial_ruwpl")
offset_left = 19.0
offset_top = 16.0
offset_right = 100.0
offset_bottom = 47.0
scale = Vector2(1.65006, 2.21832)
action_mode = 0
text = "menu"
script = ExtResource("2_dvg7n")

[node name="Label" type="Label" parent="."]
offset_left = 445.0
offset_top = 62.0
offset_right = 781.0
offset_bottom = 199.0
text = "!! use left joystick and go towards the goal !!"

[node name="flagmesh" type="MeshInstance3D" parent="."]
transform = Transform3D(1, 0, 0, 0, 1, 0, 0, 0, 1, -0.135678, 2.9813, -12.8579)
mesh = SubResource("CylinderMesh_xxult")
script = ExtResource("4_rwqa8")

[node name="StaticBody3D" type="StaticBody3D" parent="flagmesh"]

[node name="CollisionShape3D" type="CollisionShape3D" parent="flagmesh/StaticBody3D"]
shape = SubResource("CylinderShape3D_1rgff")

[connection signal="pressed" from="menu" to="menu" method="_on_pressed"]
[connection signal="child_entered_tree" from="flagmesh" to="player" method="_on_flagmesh_child_entered_tree"]
